service_id,monday,tuesday,wednesday,thursday,friday,saturday,sunday,start_date,end_date
32,0,0,0,1,0,0,0,20200521,20200521
61,0,1,1,0,1,1,0,20200523,20200701
130,1,1,0,0,0,0,1,20200602,20200629
10,1,1,1,1,1,1,1,20200521,20200617
126,1,1,1,1,1,1,1,20200511,20200613
109,1,1,1,1,1,1,1,20200511,20200615
7,1,1,1,1,1,1,1,20200518,20200614
131,1,1,1,1,1,1,1,20200520,20200701
106,1,1,1,1,1,1,1,20200511,20200614
124,1,1,1,1,1,1,1,20200511,20200614
69,1,1,1,1,1,1,1,20200611,20200701
85,1,1,1,1,1,1,1,20200520,20200531
165,1,1,1,1,1,1,1,20200520,20200629
115,1,1,1,1,1,1,1,20200511,20200614
132,1,1,1,1,1,1,1,20200524,20200629
49,1,1,1,1,1,1,1,20200520,20200701
158,1,1,1,1,1,1,1,20200601,20200629
159,1,1,1,1,1,1,1,20200520,20200629
47,1,1,1,1,1,1,1,20200520,20200629
99,1,1,1,1,1,1,1,20200520,20200701
154,1,1,1,1,1,1,1,20200520,20200701
86,1,1,1,1,1,1,1,20200601,20200701
169,1,1,1,1,1,1,1,20200520,20200701
91,1,1,1,1,1,1,1,20200520,20200628
136,1,1,1,1,1,1,1,20200520,20200701
87,1,1,1,1,1,1,1,20200520,20200629
66,1,1,1,1,1,1,1,20200520,20200701
135,1,1,1,1,1,1,1,20200520,20200701
27,1,1,1,1,1,1,1,20200521,20200617
171,1,1,1,1,1,1,1,20200602,20200701
172,1,1,1,1,1,1,1,20200520,20200629
107,1,1,1,1,1,1,1,20200511,20200614
79,1,1,1,1,1,1,1,20200520,20200701
137,1,1,1,1,1,1,1,20200520,20200701
170,1,1,1,1,1,1,1,20200524,20200701
152,1,0,1,1,1,0,1,20200524,20200608
59,0,1,1,0,0,1,0,20200523,20200701
41,1,0,1,1,1,0,0,20200601,20200608
121,1,0,0,0,0,0,1,20200511,20200615
117,1,0,0,0,0,0,1,20200511,20200615
105,1,0,0,0,0,0,1,20200524,20200629
64,0,0,0,0,1,0,0,20200605,20200626
95,0,0,0,0,1,0,0,20200605,20200626
35,0,0,0,0,1,0,0,20200522,20200522
38,0,0,0,0,1,0,0,20200522,20200612
46,1,1,1,1,1,0,1,20200520,20200629
161,1,1,1,1,1,0,1,20200602,20200701
139,1,1,1,1,1,0,1,20200520,20200701
168,1,1,1,1,1,0,1,20200524,20200701
23,1,1,1,1,1,0,1,20200521,20200617
45,1,1,1,1,1,0,1,20200520,20200701
140,1,1,1,1,1,0,1,20200601,20200629
104,1,1,1,1,1,0,1,20200520,20200701
150,1,1,1,1,1,0,1,20200601,20200701
138,1,1,1,1,1,0,1,20200520,20200701
11,1,1,1,1,1,0,1,20200518,20200614
14,0,1,0,1,1,1,1,20200521,20200614
101,1,1,1,1,1,1,0,20200601,20200701
167,1,1,1,1,1,1,0,20200520,20200701
166,1,1,1,1,1,1,0,20200520,20200530
89,1,1,1,1,1,1,0,20200520,20200629
81,1,1,1,1,1,1,0,20200520,20200701
39,1,1,1,1,1,1,0,20200520,20200701
75,1,1,1,1,1,1,0,20200520,20200701
40,1,1,1,1,1,1,0,20200520,20200701
54,1,1,1,1,1,1,0,20200520,20200627
146,1,1,1,1,1,1,0,20200606,20200701
151,1,1,1,1,1,1,0,20200609,20200701
34,1,1,1,1,1,1,0,20200518,20200523
24,1,1,1,1,1,1,0,20200518,20200606
21,1,1,1,1,1,1,0,20200521,20200617
164,1,1,1,1,1,1,0,20200520,20200606
103,1,1,1,1,1,1,0,20200520,20200701
17,1,1,1,1,1,1,0,20200518,20200613
114,1,1,1,1,1,1,0,20200511,20200613
82,1,1,1,1,1,1,0,20200520,20200701
108,0,1,0,0,0,0,0,20200602,20200602
97,0,0,0,0,1,1,1,20200523,20200628
148,1,0,0,0,0,1,1,20200524,20200629
141,1,0,0,0,0,1,1,20200524,20200629
8,1,1,1,1,0,0,0,20200521,20200617
74,1,1,1,1,0,0,0,20200611,20200618
19,1,1,1,1,0,0,0,20200518,20200521
56,1,1,1,1,0,0,0,20200520,20200625
55,1,1,1,1,0,0,0,20200520,20200701
127,0,1,1,1,1,0,0,20200511,20200612
57,1,1,1,1,0,1,0,20200520,20200627
58,1,1,1,1,0,1,0,20200520,20200701
88,1,1,0,0,0,1,1,20200530,20200629
163,1,1,0,0,0,1,1,20200602,20200629
156,0,0,1,1,1,1,0,20200520,20200627
155,0,0,1,1,1,1,0,20200520,20200627
71,0,0,0,0,1,1,0,20200612,20200620
63,0,0,0,0,1,1,0,20200605,20200627
93,0,0,0,0,1,1,0,20200605,20200627
111,0,1,1,1,1,1,0,20200511,20200613
122,0,1,1,1,1,1,0,20200511,20200613
120,0,1,1,1,1,1,0,20200511,20200612
145,1,1,1,1,1,0,0,20200601,20200701
6,1,1,1,1,1,0,0,20200518,20200522
102,1,1,1,1,1,0,0,20200520,20200701
73,1,1,1,1,1,0,0,20200520,20200701
129,1,1,1,1,1,0,0,20200609,20200701
52,1,1,1,1,1,0,0,20200520,20200701
96,1,1,1,1,1,0,0,20200520,20200629
2,1,1,1,1,1,0,0,20200521,20200617
160,1,1,1,1,1,0,0,20200606,20200701
149,1,1,1,1,1,0,0,20200520,20200701
134,1,1,1,1,1,0,0,20200601,20200701
68,1,1,1,1,1,0,0,20200520,20200701
53,1,1,1,1,1,0,0,20200520,20200626
70,1,1,1,1,1,0,0,20200611,20200619
98,1,1,1,1,1,0,0,20200520,20200629
26,1,1,1,1,0,0,1,20200518,20200617
36,1,1,1,1,0,0,1,20200521,20200617
50,1,1,1,1,0,0,1,20200520,20200701
51,1,1,1,1,0,0,1,20200520,20200629
77,1,1,1,1,0,0,1,20200611,20200701
30,1,1,1,0,1,0,0,20200518,20200522
29,0,1,0,0,0,0,1,20200524,20200607
9,1,1,1,0,0,0,0,20200518,20200520
13,0,0,0,1,1,1,0,20200521,20200613
25,0,0,0,1,1,1,0,20200521,20200606
4,0,0,0,1,1,1,0,20200521,20200613
18,0,0,0,1,1,1,0,20200521,20200523
92,0,0,0,0,0,1,1,20200523,20200628
90,0,0,0,0,0,1,1,20200523,20200628
142,0,0,0,0,0,1,1,20200523,20200629
78,0,0,0,0,0,1,1,20200524,20200629
144,0,0,0,0,0,1,1,20200602,20200629
20,0,0,0,0,0,1,1,20200521,20200614
153,0,0,0,0,0,1,1,20200524,20200606
5,0,0,0,0,0,1,1,20200523,20200614
12,0,0,0,0,0,1,1,20200523,20200607
133,0,0,0,0,0,1,1,20200602,20200629
33,0,0,0,0,0,1,1,20200522,20200614
157,0,0,0,0,0,1,1,20200524,20200627
42,0,0,0,0,0,1,1,20200524,20200629
44,0,1,0,0,0,1,1,20200523,20200701
48,0,1,0,0,0,1,1,20200523,20200701
3,0,0,0,1,1,0,0,20200521,20200522
15,0,1,0,1,1,0,1,20200521,20200614
125,0,1,1,1,1,1,1,20200511,20200614
112,0,1,1,1,1,1,1,20200511,20200614
110,0,1,1,1,1,1,1,20200511,20200614
118,1,0,0,0,0,0,0,20200511,20200615
113,1,0,0,0,0,0,0,20200511,20200615
65,0,0,0,0,1,0,1,20200524,20200629
143,0,0,0,0,0,1,0,20200523,20200627
62,0,0,0,0,0,1,0,20200606,20200627
31,0,0,0,0,0,1,0,20200522,20200613
16,0,0,0,0,0,1,0,20200523,20200523
0,0,0,0,0,0,1,0,20200523,20200613
60,0,0,0,0,0,1,0,20200523,20200701
116,0,0,0,0,0,1,0,20200511,20200614
80,0,0,0,0,0,1,0,20200613,20200627
94,0,0,0,0,0,1,0,20200606,20200627
83,0,0,0,0,0,1,0,20200606,20200606
123,0,0,0,0,0,1,0,20200511,20200613
100,1,0,1,1,1,1,0,20200601,20200627
162,1,0,1,1,1,1,0,20200520,20200608
128,1,0,1,1,1,1,0,20200601,20200627
76,1,0,1,1,1,1,0,20200601,20200608
173,1,0,1,1,1,1,0,20200520,20200627
147,0,0,0,0,0,0,1,20200524,20200531
37,0,0,0,0,0,0,1,20200524,20200524
84,0,0,0,0,0,0,1,20200524,20200629
28,0,0,0,0,0,0,1,20200524,20200607
1,0,0,0,0,0,0,1,20200524,20200614
43,0,0,0,0,0,0,1,20200524,20200629
22,0,0,0,0,0,0,1,20200524,20200614
119,0,0,0,0,0,0,1,20200511,20200614
67,0,1,1,0,0,0,0,20200630,20200701
72,1,1,1,0,0,1,1,20200530,20200701
